(kicad_pcb (version 20171130) (host pcbnew "(5.1.4-0)")

  (general
    (thickness 1.6)
    (drawings 33)
    (tracks 482)
    (zones 0)
    (modules 55)
    (nets 87)
  )

  (page A4)
  (title_block
    (title "TechStudio.Design SIM7080G NB-IoT Shield")
    (date 2021-08-25)
    (rev V1.2)
    (company www.techstudio.design)
    (comment 3 "Copyright: Tech Studio Design, 2021")
    (comment 4 "Designed By: Henry Cheung")
  )

  (layers
    (0 F.Cu signal)
    (1 In1.Cu power)
    (2 In2.Cu power)
    (31 B.Cu signal)
    (32 B.Adhes user)
    (33 F.Adhes user)
    (34 B.Paste user)
    (35 F.Paste user)
    (36 B.SilkS user)
    (37 F.SilkS user)
    (38 B.Mask user)
    (39 F.Mask user)
    (40 Dwgs.User user hide)
    (41 Cmts.User user hide)
    (42 Eco1.User user hide)
    (43 Eco2.User user hide)
    (44 Edge.Cuts user)
    (45 Margin user hide)
    (46 B.CrtYd user)
    (47 F.CrtYd user)
    (48 B.Fab user hide)
    (49 F.Fab user hide)
  )

  (setup
    (last_trace_width 0.25)
    (user_trace_width 0.2)
    (user_trace_width 0.3)
    (user_trace_width 0.5)
    (trace_clearance 0.2)
    (zone_clearance 0.508)
    (zone_45_only no)
    (trace_min 0.2)
    (via_size 0.8)
    (via_drill 0.4)
    (via_min_size 0.4)
    (via_min_drill 0.3)
    (uvia_size 0.3)
    (uvia_drill 0.1)
    (uvias_allowed no)
    (uvia_min_size 0.2)
    (uvia_min_drill 0.1)
    (edge_width 0.1)
    (segment_width 0.2)
    (pcb_text_width 0.3)
    (pcb_text_size 1.5 1.5)
    (mod_edge_width 0.15)
    (mod_text_size 1 1)
    (mod_text_width 0.15)
    (pad_size 2.7 2.7)
    (pad_drill 2.7)
    (pad_to_mask_clearance 0)
    (aux_axis_origin 0 0)
    (visible_elements FFFFFF7F)
    (pcbplotparams
      (layerselection 0x010fc_ffffffff)
      (usegerberextensions true)
      (usegerberattributes false)
      (usegerberadvancedattributes false)
      (creategerberjobfile false)
      (excludeedgelayer true)
      (linewidth 0.100000)
      (plotframeref false)
      (viasonmask false)
      (mode 1)
      (useauxorigin false)
      (hpglpennumber 1)
      (hpglpenspeed 20)
      (hpglpendiameter 15.000000)
      (psnegative false)
      (psa4output false)
      (plotreference true)
      (plotvalue true)
      (plotinvisibletext false)
      (padsonsilk false)
      (subtractmaskfromsilk false)
      (outputformat 1)
      (mirror false)
      (drillshape 0)
      (scaleselection 1)
      (outputdirectory "gerber/"))
  )

  (net 0 "")
  (net 1 VIO)
  (net 2 GND)
  (net 3 1.8V)
  (net 4 "Net-(C3-Pad1)")
  (net 5 VBUS)
  (net 6 PWRKEY)
  (net 7 "Net-(D3-Pad1)")
  (net 8 "Net-(D3-Pad2)")
  (net 9 RXD)
  (net 10 TXD)
  (net 11 RI)
  (net 12 DTR)
  (net 13 VANT)
  (net 14 NETLIGHT)
  (net 15 STAT)
  (net 16 NB_TXD)
  (net 17 NB_RXD)
  (net 18 NB_RI)
  (net 19 NB_DTR)
  (net 20 "Net-(U2-Pad3)")
  (net 21 "Net-(U3-Pad4)")
  (net 22 "Net-(U3-Pad5)")
  (net 23 "Net-(D1-Pad2)")
  (net 24 "Net-(D2-Pad1)")
  (net 25 "Net-(JP1-Pad2)")
  (net 26 "Net-(JP1-Pad1)")
  (net 27 "Net-(J4-Pad6)")
  (net 28 "Net-(C1-Pad1)")
  (net 29 "Net-(C2-Pad1)")
  (net 30 VBAT)
  (net 31 "Net-(C9-Pad1)")
  (net 32 3.3V)
  (net 33 "Net-(C16-Pad1)")
  (net 34 "Net-(C17-Pad1)")
  (net 35 "Net-(D2-Pad3)")
  (net 36 "Net-(D2-Pad4)")
  (net 37 "Net-(D4-Pad2)")
  (net 38 "Net-(D4-Pad1)")
  (net 39 "Net-(D7-Pad1)")
  (net 40 "Net-(D7-Pad2)")
  (net 41 "Net-(J3-Pad6)")
  (net 42 "Net-(J3-Pad3)")
  (net 43 "Net-(J3-Pad2)")
  (net 44 "Net-(J3-Pad4)")
  (net 45 "Net-(L1-Pad2)")
  (net 46 "Net-(Q1-Pad1)")
  (net 47 "Net-(R8-Pad1)")
  (net 48 "Net-(U1-Pad1)")
  (net 49 "Net-(U1-Pad3)")
  (net 50 "Net-(U2-Pad4)")
  (net 51 "Net-(U2-Pad5)")
  (net 52 "Net-(U2-Pad9)")
  (net 53 "Net-(U2-Pad10)")
  (net 54 "Net-(U2-Pad11)")
  (net 55 "Net-(U2-Pad12)")
  (net 56 "Net-(U2-Pad14)")
  (net 57 "Net-(U2-Pad22)")
  (net 58 "Net-(U2-Pad23)")
  (net 59 "Net-(U2-Pad28)")
  (net 60 "Net-(U2-Pad29)")
  (net 61 "Net-(U2-Pad38)")
  (net 62 "Net-(U2-Pad43)")
  (net 63 "Net-(U2-Pad44)")
  (net 64 "Net-(U2-Pad46)")
  (net 65 "Net-(U2-Pad47)")
  (net 66 "Net-(U2-Pad48)")
  (net 67 "Net-(U2-Pad49)")
  (net 68 "Net-(U2-Pad50)")
  (net 69 "Net-(U2-Pad51)")
  (net 70 "Net-(U2-Pad52)")
  (net 71 "Net-(U2-Pad53)")
  (net 72 "Net-(U2-Pad54)")
  (net 73 "Net-(U2-Pad55)")
  (net 74 "Net-(U2-Pad56)")
  (net 75 "Net-(U2-Pad57)")
  (net 76 "Net-(U2-Pad58)")
  (net 77 "Net-(U2-Pad59)")
  (net 78 "Net-(U2-Pad60)")
  (net 79 "Net-(U2-Pad61)")
  (net 80 "Net-(U2-Pad62)")
  (net 81 "Net-(U2-Pad64)")
  (net 82 "Net-(U2-Pad65)")
  (net 83 "Net-(U3-Pad2)")
  (net 84 "Net-(U4-Pad6)")
  (net 85 "Net-(U4-Pad9)")
  (net 86 ANT_CTRL)

  (net_class Default "This is the default net class."
    (clearance 0.2)
    (trace_width 0.25)
    (via_dia 0.8)
    (via_drill 0.4)
    (uvia_dia 0.3)
    (uvia_drill 0.1)
    (add_net 1.8V)
    (add_net 3.3V)
    (add_net ANT_CTRL)
    (add_net DTR)
    (add_net GND)
    (add_net NB_DTR)
    (add_net NB_RI)
    (add_net NB_RXD)
    (add_net NB_TXD)
    (add_net NETLIGHT)
    (add_net "Net-(C1-Pad1)")
    (add_net "Net-(C16-Pad1)")
    (add_net "Net-(C17-Pad1)")
    (add_net "Net-(C2-Pad1)")
    (add_net "Net-(C3-Pad1)")
    (add_net "Net-(C9-Pad1)")
    (add_net "Net-(D1-Pad2)")
    (add_net "Net-(D2-Pad1)")
    (add_net "Net-(D2-Pad3)")
    (add_net "Net-(D2-Pad4)")
    (add_net "Net-(D3-Pad1)")
    (add_net "Net-(D3-Pad2)")
    (add_net "Net-(D4-Pad1)")
    (add_net "Net-(D4-Pad2)")
    (add_net "Net-(D7-Pad1)")
    (add_net "Net-(D7-Pad2)")
    (add_net "Net-(J3-Pad2)")
    (add_net "Net-(J3-Pad3)")
    (add_net "Net-(J3-Pad4)")
    (add_net "Net-(J3-Pad6)")
    (add_net "Net-(J4-Pad6)")
    (add_net "Net-(JP1-Pad1)")
    (add_net "Net-(JP1-Pad2)")
    (add_net "Net-(L1-Pad2)")
    (add_net "Net-(Q1-Pad1)")
    (add_net "Net-(R8-Pad1)")
    (add_net "Net-(U1-Pad1)")
    (add_net "Net-(U1-Pad3)")
    (add_net "Net-(U2-Pad10)")
    (add_net "Net-(U2-Pad11)")
    (add_net "Net-(U2-Pad12)")
    (add_net "Net-(U2-Pad14)")
    (add_net "Net-(U2-Pad22)")
    (add_net "Net-(U2-Pad23)")
    (add_net "Net-(U2-Pad28)")
    (add_net "Net-(U2-Pad29)")
    (add_net "Net-(U2-Pad3)")
    (add_net "Net-(U2-Pad38)")
    (add_net "Net-(U2-Pad4)")
    (add_net "Net-(U2-Pad43)")
    (add_net "Net-(U2-Pad44)")
    (add_net "Net-(U2-Pad46)")
    (add_net "Net-(U2-Pad47)")
    (add_net "Net-(U2-Pad48)")
    (add_net "Net-(U2-Pad49)")
    (add_net "Net-(U2-Pad5)")
    (add_net "Net-(U2-Pad50)")
    (add_net "Net-(U2-Pad51)")
    (add_net "Net-(U2-Pad52)")
    (add_net "Net-(U2-Pad53)")
    (add_net "Net-(U2-Pad54)")
    (add_net "Net-(U2-Pad55)")
    (add_net "Net-(U2-Pad56)")
    (add_net "Net-(U2-Pad57)")
    (add_net "Net-(U2-Pad58)")
    (add_net "Net-(U2-Pad59)")
    (add_net "Net-(U2-Pad60)")
    (add_net "Net-(U2-Pad61)")
    (add_net "Net-(U2-Pad62)")
    (add_net "Net-(U2-Pad64)")
    (add_net "Net-(U2-Pad65)")
    (add_net "Net-(U2-Pad9)")
    (add_net "Net-(U3-Pad2)")
    (add_net "Net-(U3-Pad4)")
    (add_net "Net-(U3-Pad5)")
    (add_net "Net-(U4-Pad6)")
    (add_net "Net-(U4-Pad9)")
    (add_net PWRKEY)
    (add_net RI)
    (add_net RXD)
    (add_net STAT)
    (add_net TXD)
    (add_net VANT)
    (add_net VBAT)
    (add_net VBUS)
    (add_net VIO)
  )

  (module e-tinkers:SOT523 (layer F.Cu) (tedit 61261837) (tstamp 60D90B8B)
    (at 141.7 93.3 180)
    (descr "SOT523 (SC-75A)")
    (tags "SOT523 (SC-75A)")
    (path /60DCDEB3/60B06EE6)
    (fp_text reference Q3 (at -0.05 -1.6) (layer F.Fab) hide
      (effects (font (size 1 1) (thickness 0.015)))
    )
    (fp_text value DTC143Z (at 0 1.8) (layer F.Fab) hide
      (effects (font (size 1 1) (thickness 0.015)))
    )
    (fp_line (start 1.465 1.075) (end -1.465 1.075) (layer F.CrtYd) (width 0.05))
    (fp_line (start 1.465 1.075) (end 1.465 -1.075) (layer F.CrtYd) (width 0.05))
    (fp_line (start -1.465 -1.075) (end 1.465 -1.075) (layer F.CrtYd) (width 0.05))
    (fp_line (start -1.465 -1.075) (end -1.465 1.075) (layer F.CrtYd) (width 0.05))
    (fp_circle (center -1.665 -0.5) (end -1.565 -0.5) (layer F.SilkS) (width 0.2))
    (fp_circle (center -1.665 -0.5) (end -1.565 -0.5) (layer F.Fab) (width 0.2))
    (fp_line (start -0.45 -0.825) (end -0.45 0.825) (layer F.Fab) (width 0.127))
    (fp_line (start 0.45 -0.825) (end -0.45 -0.825) (layer F.Fab) (width 0.127))
    (fp_line (start 0.45 0.825) (end 0.45 -0.825) (layer F.Fab) (width 0.127))
    (fp_line (start -0.45 0.825) (end 0.45 0.825) (layer F.Fab) (width 0.127))
    (fp_line (start 0.45 -0.964) (end -0.45 -0.964) (layer F.SilkS) (width 0.127))
    (fp_line (start 0.45 0.964) (end 0.45 0.485) (layer F.SilkS) (width 0.127))
    (fp_line (start -0.45 0.964) (end 0.45 0.964) (layer F.SilkS) (width 0.127))
    (fp_line (start 0.45 -0.485) (end 0.45 -0.964) (layer F.SilkS) (width 0.127))
    (pad 3 smd rect (at 0.62 0 180) (size 0.8 0.8) (layers F.Cu F.Paste F.Mask)
      (net 38 "Net-(D4-Pad1)"))
    (pad 2 smd rect (at -0.62 0.5 180) (size 0.8 0.5) (layers F.Cu F.Paste F.Mask)
      (net 2 GND))
    (pad 1 smd rect (at -0.62 -0.5 180) (size 0.8 0.5) (layers F.Cu F.Paste F.Mask)
      (net 15 STAT))
  )

  (module e-tinkers:SOT523 (layer F.Cu) (tedit 61261837) (tstamp 60D90B76)
    (at 141.7 91 180)
    (descr "SOT523 (SC-75A)")
    (tags "SOT523 (SC-75A)")
    (path /60DCDEB3/60B05B35)
    (fp_text reference Q2 (at -0.05 -1.6) (layer F.Fab) hide
      (effects (font (size 1 1) (thickness 0.015)))
    )
    (fp_text value DTC143Z (at 0 1.8) (layer F.Fab) hide
      (effects (font (size 1 1) (thickness 0.015)))
    )
    (fp_line (start 1.465 1.075) (end -1.465 1.075) (layer F.CrtYd) (width 0.05))
    (fp_line (start 1.465 1.075) (end 1.465 -1.075) (layer F.CrtYd) (width 0.05))
    (fp_line (start -1.465 -1.075) (end 1.465 -1.075) (layer F.CrtYd) (width 0.05))
    (fp_line (start -1.465 -1.075) (end -1.465 1.075) (layer F.CrtYd) (width 0.05))
    (fp_circle (center -1.665 -0.5) (end -1.565 -0.5) (layer F.SilkS) (width 0.2))
    (fp_circle (center -1.665 -0.5) (end -1.565 -0.5) (layer F.Fab) (width 0.2))
    (fp_line (start -0.45 -0.825) (end -0.45 0.825) (layer F.Fab) (width 0.127))
    (fp_line (start 0.45 -0.825) (end -0.45 -0.825) (layer F.Fab) (width 0.127))
    (fp_line (start 0.45 0.825) (end 0.45 -0.825) (layer F.Fab) (width 0.127))
    (fp_line (start -0.45 0.825) (end 0.45 0.825) (layer F.Fab) (width 0.127))
    (fp_line (start 0.45 -0.964) (end -0.45 -0.964) (layer F.SilkS) (width 0.127))
    (fp_line (start 0.45 0.964) (end 0.45 0.485) (layer F.SilkS) (width 0.127))
    (fp_line (start -0.45 0.964) (end 0.45 0.964) (layer F.SilkS) (width 0.127))
    (fp_line (start 0.45 -0.485) (end 0.45 -0.964) (layer F.SilkS) (width 0.127))
    (pad 3 smd rect (at 0.62 0 180) (size 0.8 0.8) (layers F.Cu F.Paste F.Mask)
      (net 7 "Net-(D3-Pad1)"))
    (pad 2 smd rect (at -0.62 0.5 180) (size 0.8 0.5) (layers F.Cu F.Paste F.Mask)
      (net 2 GND))
    (pad 1 smd rect (at -0.62 -0.5 180) (size 0.8 0.5) (layers F.Cu F.Paste F.Mask)
      (net 14 NETLIGHT))
  )

  (module e-tinkers:SOT523 (layer F.Cu) (tedit 61261837) (tstamp 60D90BA0)
    (at 137.7 108.3 180)
    (descr "SOT523 (SC-75A)")
    (tags "SOT523 (SC-75A)")
    (path /60DCDEB3/60D9C1C1)
    (fp_text reference Q4 (at -0.05 -1.6) (layer F.Fab) hide
      (effects (font (size 1 1) (thickness 0.015)))
    )
    (fp_text value DTC143Z (at 0 1.8) (layer F.Fab) hide
      (effects (font (size 1 1) (thickness 0.015)))
    )
    (fp_line (start 1.465 1.075) (end -1.465 1.075) (layer F.CrtYd) (width 0.05))
    (fp_line (start 1.465 1.075) (end 1.465 -1.075) (layer F.CrtYd) (width 0.05))
    (fp_line (start -1.465 -1.075) (end 1.465 -1.075) (layer F.CrtYd) (width 0.05))
    (fp_line (start -1.465 -1.075) (end -1.465 1.075) (layer F.CrtYd) (width 0.05))
    (fp_circle (center -1.665 -0.5) (end -1.565 -0.5) (layer F.SilkS) (width 0.2))
    (fp_circle (center -1.665 -0.5) (end -1.565 -0.5) (layer F.Fab) (width 0.2))
    (fp_line (start -0.45 -0.825) (end -0.45 0.825) (layer F.Fab) (width 0.127))
    (fp_line (start 0.45 -0.825) (end -0.45 -0.825) (layer F.Fab) (width 0.127))
    (fp_line (start 0.45 0.825) (end 0.45 -0.825) (layer F.Fab) (width 0.127))
    (fp_line (start -0.45 0.825) (end 0.45 0.825) (layer F.Fab) (width 0.127))
    (fp_line (start 0.45 -0.964) (end -0.45 -0.964) (layer F.SilkS) (width 0.127))
    (fp_line (start 0.45 0.964) (end 0.45 0.485) (layer F.SilkS) (width 0.127))
    (fp_line (start -0.45 0.964) (end 0.45 0.964) (layer F.SilkS) (width 0.127))
    (fp_line (start 0.45 -0.485) (end 0.45 -0.964) (layer F.SilkS) (width 0.127))
    (pad 3 smd rect (at 0.62 0 180) (size 0.8 0.8) (layers F.Cu F.Paste F.Mask)
      (net 46 "Net-(Q1-Pad1)"))
    (pad 2 smd rect (at -0.62 0.5 180) (size 0.8 0.5) (layers F.Cu F.Paste F.Mask)
      (net 2 GND))
    (pad 1 smd rect (at -0.62 -0.5 180) (size 0.8 0.5) (layers F.Cu F.Paste F.Mask)
      (net 86 ANT_CTRL))
  )

  (module e-tinkers:SW_TS-1101-X-X (layer F.Cu) (tedit 60F65BBC) (tstamp 60D90C51)
    (at 140.6 80.8)
    (descr "Switch Tactile N.O. SPST SMD")
    (tags "switch tactile n.o. spst smd sw ts")
    (path /60D8F2E2/5FF46E07)
    (attr smd)
    (fp_text reference SW1 (at -1.025 -3.135) (layer F.Fab) hide
      (effects (font (size 1 1) (thickness 0.015)))
    )
    (fp_text value PWRKEY (at 4.055 3.165) (layer F.Fab) hide
      (effects (font (size 1 1) (thickness 0.015)))
    )
    (fp_line (start -4.3 1.8) (end -4.3 -1.8) (layer F.CrtYd) (width 0.05))
    (fp_line (start 4.3 1.8) (end -4.3 1.8) (layer F.CrtYd) (width 0.05))
    (fp_line (start 4.3 -1.8) (end 4.3 1.8) (layer F.CrtYd) (width 0.05))
    (fp_line (start -4.3 -1.8) (end 4.3 -1.8) (layer F.CrtYd) (width 0.05))
    (fp_line (start 3.1 1.9) (end 3.1 1.03) (layer F.SilkS) (width 0.127))
    (fp_line (start -3.1 1.9) (end 3.1 1.9) (layer F.SilkS) (width 0.127))
    (fp_line (start -3.1 1.03) (end -3.1 1.9) (layer F.SilkS) (width 0.127))
    (fp_line (start 3.1 -1.87) (end 3.1 -1) (layer F.SilkS) (width 0.127))
    (fp_line (start -3.1 -1.9) (end 3.1 -1.9) (layer F.SilkS) (width 0.127))
    (fp_line (start -3.1 -1.03) (end -3.1 -1.9) (layer F.SilkS) (width 0.127))
    (fp_line (start -3.1 1.9) (end -3.1 -1.9) (layer F.Fab) (width 0.127))
    (fp_line (start 3.1 1.9) (end -3.1 1.9) (layer F.Fab) (width 0.127))
    (fp_line (start 3.1 -1.9) (end 3.1 1.9) (layer F.Fab) (width 0.127))
    (fp_line (start -3.1 -1.9) (end 3.1 -1.9) (layer F.Fab) (width 0.127))
    (pad 2 smd rect (at 3.7 0 90) (size 1 1.2) (layers F.Cu F.Paste F.Mask)
      (net 23 "Net-(D1-Pad2)"))
    (pad 1 smd rect (at -3.7 0 90) (size 1 1.2) (layers F.Cu F.Paste F.Mask)
      (net 2 GND))
    (model ${KISYS3DMOD}/Button_Switch_SMD.3dshapes/SW_SPST_CK_RS282G05A3.step
      (at (xyz 0 0 0))
      (scale (xyz 1 1 1))
      (rotate (xyz 0 0 0))
    )
  )

  (module MountingHole:MountingHole_2.7mm_M2.5 (layer F.Cu) (tedit 56D1B4CB) (tstamp 60D97662)
    (at 138.5 74.1)
    (descr "Mounting Hole 2.7mm, no annular, M2.5")
    (tags "mounting hole 2.7mm no annular m2.5")
    (path /60DCDEB3/60D9A080)
    (attr virtual)
    (fp_text reference H1 (at 0 -3.7) (layer F.Fab) hide
      (effects (font (size 1 1) (thickness 0.15)))
    )
    (fp_text value MountingHole_Pad (at 0 3.7) (layer F.Fab)
      (effects (font (size 1 1) (thickness 0.15)))
    )
    (fp_circle (center 0 0) (end 2.95 0) (layer F.CrtYd) (width 0.05))
    (fp_circle (center 0 0) (end 2.7 0) (layer Cmts.User) (width 0.15))
    (fp_text user %R (at 0.3 0) (layer F.Fab)
      (effects (font (size 1 1) (thickness 0.15)))
    )
    (pad 1 np_thru_hole circle (at 0 0) (size 2.7 2.7) (drill 2.7) (layers *.Cu *.Mask)
      (net 2 GND))
  )

  (module Capacitor_SMD:C_0603_1608Metric_Pad1.05x0.95mm_HandSolder (layer F.Cu) (tedit 5B301BBE) (tstamp 60D90806)
    (at 144.15 98.4 180)
    (descr "Capacitor SMD 0603 (1608 Metric), square (rectangular) end terminal, IPC_7351 nominal with elongated pad for handsoldering. (Body size source: http://www.tortai-tech.com/upload/download/2011102023233369053.pdf), generated with kicad-footprint-generator")
    (tags "capacitor handsolder")
    (path /60D8F2E2/5F8FC2D1)
    (attr smd)
    (fp_text reference C1 (at 0 -1.43) (layer F.Fab) hide
      (effects (font (size 1 1) (thickness 0.15)))
    )
    (fp_text value 22pF (at 0 1.43) (layer F.Fab) hide
      (effects (font (size 1 1) (thickness 0.15)))
    )
    (fp_text user %R (at 0 0) (layer F.Fab) hide
      (effects (font (size 0.4 0.4) (thickness 0.06)))
    )
    (fp_line (start 1.65 0.73) (end -1.65 0.73) (layer F.CrtYd) (width 0.05))
    (fp_line (start 1.65 -0.73) (end 1.65 0.73) (layer F.CrtYd) (width 0.05))
    (fp_line (start -1.65 -0.73) (end 1.65 -0.73) (layer F.CrtYd) (width 0.05))
    (fp_line (start -1.65 0.73) (end -1.65 -0.73) (layer F.CrtYd) (width 0.05))
    (fp_line (start -0.171267 0.51) (end 0.171267 0.51) (layer F.SilkS) (width 0.12))
    (fp_line (start -0.171267 -0.51) (end 0.171267 -0.51) (layer F.SilkS) (width 0.12))
    (fp_line (start 0.8 0.4) (end -0.8 0.4) (layer F.Fab) (width 0.1))
    (fp_line (start 0.8 -0.4) (end 0.8 0.4) (layer F.Fab) (width 0.1))
    (fp_line (start -0.8 -0.4) (end 0.8 -0.4) (layer F.Fab) (width 0.1))
    (fp_line (start -0.8 0.4) (end -0.8 -0.4) (layer F.Fab) (width 0.1))
    (pad 2 smd roundrect (at 0.875 0 180) (size 1.05 0.95) (layers F.Cu F.Paste F.Mask) (roundrect_rratio 0.25)
      (net 13 VANT))
    (pad 1 smd roundrect (at -0.875 0 180) (size 1.05 0.95) (layers F.Cu F.Paste F.Mask) (roundrect_rratio 0.25)
      (net 28 "Net-(C1-Pad1)"))
    (model ${KISYS3DMOD}/Capacitor_SMD.3dshapes/C_0603_1608Metric.wrl
      (at (xyz 0 0 0))
      (scale (xyz 1 1 1))
      (rotate (xyz 0 0 0))
    )
  )

  (module Capacitor_SMD:C_0603_1608Metric_Pad1.05x0.95mm_HandSolder (layer F.Cu) (tedit 5B301BBE) (tstamp 60D90817)
    (at 152.9 75.1)
    (descr "Capacitor SMD 0603 (1608 Metric), square (rectangular) end terminal, IPC_7351 nominal with elongated pad for handsoldering. (Body size source: http://www.tortai-tech.com/upload/download/2011102023233369053.pdf), generated with kicad-footprint-generator")
    (tags "capacitor handsolder")
    (path /60D8F2E2/5FA56AE6)
    (attr smd)
    (fp_text reference C2 (at 0 -1.43) (layer F.Fab)
      (effects (font (size 1 1) (thickness 0.15)))
    )
    (fp_text value NC (at 0 1.43) (layer F.Fab) hide
      (effects (font (size 1 1) (thickness 0.15)))
    )
    (fp_text user %R (at 0 0) (layer F.Fab) hide
      (effects (font (size 0.4 0.4) (thickness 0.06)))
    )
    (fp_line (start 1.65 0.73) (end -1.65 0.73) (layer F.CrtYd) (width 0.05))
    (fp_line (start 1.65 -0.73) (end 1.65 0.73) (layer F.CrtYd) (width 0.05))
    (fp_line (start -1.65 -0.73) (end 1.65 -0.73) (layer F.CrtYd) (width 0.05))
    (fp_line (start -1.65 0.73) (end -1.65 -0.73) (layer F.CrtYd) (width 0.05))
    (fp_line (start -0.171267 0.51) (end 0.171267 0.51) (layer F.SilkS) (width 0.12))
    (fp_line (start -0.171267 -0.51) (end 0.171267 -0.51) (layer F.SilkS) (width 0.12))
    (fp_line (start 0.8 0.4) (end -0.8 0.4) (layer F.Fab) (width 0.1))
    (fp_line (start 0.8 -0.4) (end 0.8 0.4) (layer F.Fab) (width 0.1))
    (fp_line (start -0.8 -0.4) (end 0.8 -0.4) (layer F.Fab) (width 0.1))
    (fp_line (start -0.8 0.4) (end -0.8 -0.4) (layer F.Fab) (width 0.1))
    (pad 2 smd roundrect (at 0.875 0) (size 1.05 0.95) (layers F.Cu F.Paste F.Mask) (roundrect_rratio 0.25)
      (net 2 GND))
    (pad 1 smd roundrect (at -0.875 0) (size 1.05 0.95) (layers F.Cu F.Paste F.Mask) (roundrect_rratio 0.25)
      (net 29 "Net-(C2-Pad1)"))
    (model ${KISYS3DMOD}/Capacitor_SMD.3dshapes/C_0603_1608Metric.wrl
      (at (xyz 0 0 0))
      (scale (xyz 1 1 1))
      (rotate (xyz 0 0 0))
    )
  )

  (module Capacitor_SMD:C_0603_1608Metric_Pad1.05x0.95mm_HandSolder (layer F.Cu) (tedit 5B301BBE) (tstamp 60D90828)
    (at 152.9 79.9)
    (descr "Capacitor SMD 0603 (1608 Metric), square (rectangular) end terminal, IPC_7351 nominal with elongated pad for handsoldering. (Body size source: http://www.tortai-tech.com/upload/download/2011102023233369053.pdf), generated with kicad-footprint-generator")
    (tags "capacitor handsolder")
    (path /60D8F2E2/5FA56485)
    (attr smd)
    (fp_text reference C3 (at -0.1 0.1) (layer F.Fab) hide
      (effects (font (size 1 1) (thickness 0.15)))
    )
    (fp_text value NC (at 0 1.43) (layer F.Fab) hide
      (effects (font (size 1 1) (thickness 0.15)))
    )
    (fp_line (start -0.8 0.4) (end -0.8 -0.4) (layer F.Fab) (width 0.1))
    (fp_line (start -0.8 -0.4) (end 0.8 -0.4) (layer F.Fab) (width 0.1))
    (fp_line (start 0.8 -0.4) (end 0.8 0.4) (layer F.Fab) (width 0.1))
    (fp_line (start 0.8 0.4) (end -0.8 0.4) (layer F.Fab) (width 0.1))
    (fp_line (start -0.171267 -0.51) (end 0.171267 -0.51) (layer F.SilkS) (width 0.12))
    (fp_line (start -0.171267 0.51) (end 0.171267 0.51) (layer F.SilkS) (width 0.12))
    (fp_line (start -1.65 0.73) (end -1.65 -0.73) (layer F.CrtYd) (width 0.05))
    (fp_line (start -1.65 -0.73) (end 1.65 -0.73) (layer F.CrtYd) (width 0.05))
    (fp_line (start 1.65 -0.73) (end 1.65 0.73) (layer F.CrtYd) (width 0.05))
    (fp_line (start 1.65 0.73) (end -1.65 0.73) (layer F.CrtYd) (width 0.05))
    (fp_text user %R (at 0 0) (layer F.Fab) hide
      (effects (font (size 0.4 0.4) (thickness 0.06)))
    )
    (pad 1 smd roundrect (at -0.875 0) (size 1.05 0.95) (layers F.Cu F.Paste F.Mask) (roundrect_rratio 0.25)
      (net 4 "Net-(C3-Pad1)"))
    (pad 2 smd roundrect (at 0.875 0) (size 1.05 0.95) (layers F.Cu F.Paste F.Mask) (roundrect_rratio 0.25)
      (net 2 GND))
    (model ${KISYS3DMOD}/Capacitor_SMD.3dshapes/C_0603_1608Metric.wrl
      (at (xyz 0 0 0))
      (scale (xyz 1 1 1))
      (rotate (xyz 0 0 0))
    )
  )

  (module Capacitor_Tantalum_SMD:CP_EIA-3528-12_Kemet-T_Pad1.50x2.35mm_HandSolder (layer F.Cu) (tedit 5B342532) (tstamp 60D9083B)
    (at 138 85.8 270)
    (descr "Tantalum Capacitor SMD Kemet-T (3528-12 Metric), IPC_7351 nominal, (Body size from: http://www.kemet.com/Lists/ProductCatalog/Attachments/253/KEM_TC101_STD.pdf), generated with kicad-footprint-generator")
    (tags "capacitor tantalum")
    (path /60D8F2E2/60DF9F2D)
    (attr smd)
    (fp_text reference C4 (at 0 -0.1 90) (layer F.Fab) hide
      (effects (font (size 1 1) (thickness 0.15)))
    )
    (fp_text value 100uF (at 0 2.35 90) (layer F.Fab) hide
      (effects (font (size 1 1) (thickness 0.15)))
    )
    (fp_line (start 1.75 -1.4) (end -1.05 -1.4) (layer F.Fab) (width 0.1))
    (fp_line (start -1.05 -1.4) (end -1.75 -0.7) (layer F.Fab) (width 0.1))
    (fp_line (start -1.75 -0.7) (end -1.75 1.4) (layer F.Fab) (width 0.1))
    (fp_line (start -1.75 1.4) (end 1.75 1.4) (layer F.Fab) (width 0.1))
    (fp_line (start 1.75 1.4) (end 1.75 -1.4) (layer F.Fab) (width 0.1))
    (fp_line (start 1.75 -1.51) (end -2.635 -1.51) (layer F.SilkS) (width 0.12))
    (fp_line (start -2.635 -1.51) (end -2.635 1.51) (layer F.SilkS) (width 0.12))
    (fp_line (start -2.635 1.51) (end 1.75 1.51) (layer F.SilkS) (width 0.12))
    (fp_line (start -2.62 1.65) (end -2.62 -1.65) (layer F.CrtYd) (width 0.05))
    (fp_line (start -2.62 -1.65) (end 2.62 -1.65) (layer F.CrtYd) (width 0.05))
    (fp_line (start 2.62 -1.65) (end 2.62 1.65) (layer F.CrtYd) (width 0.05))
    (fp_line (start 2.62 1.65) (end -2.62 1.65) (layer F.CrtYd) (width 0.05))
    (fp_text user %R (at 0 0 90) (layer F.Fab) hide
      (effects (font (size 0.88 0.88) (thickness 0.13)))
    )
    (pad 1 smd roundrect (at -1.625 0 270) (size 1.5 2.35) (layers F.Cu F.Paste F.Mask) (roundrect_rratio 0.166667)
      (net 30 VBAT))
    (pad 2 smd roundrect (at 1.625 0 270) (size 1.5 2.35) (layers F.Cu F.Paste F.Mask) (roundrect_rratio 0.166667)
      (net 2 GND))
    (model ${KISYS3DMOD}/Capacitor_Tantalum_SMD.3dshapes/CP_EIA-3528-12_Kemet-T.wrl
      (at (xyz 0 0 0))
      (scale (xyz 1 1 1))
      (rotate (xyz 0 0 0))
    )
  )

  (module Capacitor_SMD:C_1206_3216Metric_Pad1.42x1.75mm_HandSolder (layer F.Cu) (tedit 5B301BBE) (tstamp 60D9084C)
    (at 141 85.8 270)
    (descr "Capacitor SMD 1206 (3216 Metric), square (rectangular) end terminal, IPC_7351 nominal with elongated pad for handsoldering. (Body size source: http://www.tortai-tech.com/upload/download/2011102023233369053.pdf), generated with kicad-footprint-generator")
    (tags "capacitor handsolder")
    (path /60D8F2E2/5F88EE24)
    (attr smd)
    (fp_text reference C5 (at -0.15 -0.1 90) (layer F.Fab) hide
      (effects (font (size 1 1) (thickness 0.15)))
    )
    (fp_text value 100uF (at 0 1.82 90) (layer F.Fab) hide
      (effects (font (size 1 1) (thickness 0.15)))
    )
    (fp_line (start -1.6 0.8) (end -1.6 -0.8) (layer F.Fab) (width 0.1))
    (fp_line (start -1.6 -0.8) (end 1.6 -0.8) (layer F.Fab) (width 0.1))
    (fp_line (start 1.6 -0.8) (end 1.6 0.8) (layer F.Fab) (width 0.1))
    (fp_line (start 1.6 0.8) (end -1.6 0.8) (layer F.Fab) (width 0.1))
    (fp_line (start -0.602064 -0.91) (end 0.602064 -0.91) (layer F.SilkS) (width 0.12))
    (fp_line (start -0.602064 0.91) (end 0.602064 0.91) (layer F.SilkS) (width 0.12))
    (fp_line (start -2.45 1.12) (end -2.45 -1.12) (layer F.CrtYd) (width 0.05))
    (fp_line (start -2.45 -1.12) (end 2.45 -1.12) (layer F.CrtYd) (width 0.05))
    (fp_line (start 2.45 -1.12) (end 2.45 1.12) (layer F.CrtYd) (width 0.05))
    (fp_line (start 2.45 1.12) (end -2.45 1.12) (layer F.CrtYd) (width 0.05))
    (fp_text user %R (at 0 0 90) (layer F.Fab) hide
      (effects (font (size 0.8 0.8) (thickness 0.12)))
    )
    (pad 1 smd roundrect (at -1.4875 0 270) (size 1.425 1.75) (layers F.Cu F.Paste F.Mask) (roundrect_rratio 0.175439)
      (net 30 VBAT))
    (pad 2 smd roundrect (at 1.4875 0 270) (size 1.425 1.75) (layers F.Cu F.Paste F.Mask) (roundrect_rratio 0.175439)
      (net 2 GND))
    (model ${KISYS3DMOD}/Capacitor_SMD.3dshapes/C_1206_3216Metric.wrl
      (at (xyz 0 0 0))
      (scale (xyz 1 1 1))
      (rotate (xyz 0 0 0))
    )
  )

  (module Capacitor_SMD:C_0603_1608Metric_Pad1.05x0.95mm_HandSolder (layer F.Cu) (tedit 5B301BBE) (tstamp 60D9085D)
    (at 144.1 84.3)
    (descr "Capacitor SMD 0603 (1608 Metric), square (rectangular) end terminal, IPC_7351 nominal with elongated pad for handsoldering. (Body size source: http://www.tortai-tech.com/upload/download/2011102023233369053.pdf), generated with kicad-footprint-generator")
    (tags "capacitor handsolder")
    (path /60D8F2E2/5F88EACB)
    (attr smd)
    (fp_text reference C6 (at 0 0) (layer F.Fab) hide
      (effects (font (size 1 1) (thickness 0.15)))
    )
    (fp_text value 1uF (at 0 1.43) (layer F.Fab) hide
      (effects (font (size 1 1) (thickness 0.15)))
    )
    (fp_text user %R (at 0 0) (layer F.Fab) hide
      (effects (font (size 0.4 0.4) (thickness 0.06)))
    )
    (fp_line (start 1.65 0.73) (end -1.65 0.73) (layer F.CrtYd) (width 0.05))
    (fp_line (start 1.65 -0.73) (end 1.65 0.73) (layer F.CrtYd) (width 0.05))
    (fp_line (start -1.65 -0.73) (end 1.65 -0.73) (layer F.CrtYd) (width 0.05))
    (fp_line (start -1.65 0.73) (end -1.65 -0.73) (layer F.CrtYd) (width 0.05))
    (fp_line (start -0.171267 0.51) (end 0.171267 0.51) (layer F.SilkS) (width 0.12))
    (fp_line (start -0.171267 -0.51) (end 0.171267 -0.51) (layer F.SilkS) (width 0.12))
    (fp_line (start 0.8 0.4) (end -0.8 0.4) (layer F.Fab) (width 0.1))
    (fp_line (start 0.8 -0.4) (end 0.8 0.4) (layer F.Fab) (width 0.1))
    (fp_line (start -0.8 -0.4) (end 0.8 -0.4) (layer F.Fab) (width 0.1))
    (fp_line (start -0.8 0.4) (end -0.8 -0.4) (layer F.Fab) (width 0.1))
    (pad 2 smd roundrect (at 0.875 0) (size 1.05 0.95) (layers F.Cu F.Paste F.Mask) (roundrect_rratio 0.25)
      (net 2 GND))
    (pad 1 smd roundrect (at -0.875 0) (size 1.05 0.95) (layers F.Cu F.Paste F.Mask) (roundrect_rratio 0.25)
      (net 30 VBAT))
    (model ${KISYS3DMOD}/Capacitor_SMD.3dshapes/C_0603_1608Metric.wrl
      (at (xyz 0 0 0))
      (scale (xyz 1 1 1))
      (rotate (xyz 0 0 0))
    )
  )

  (module Capacitor_SMD:C_0603_1608Metric_Pad1.05x0.95mm_HandSolder (layer F.Cu) (tedit 5B301BBE) (tstamp 60D9086E)
    (at 144.1 85.85)
    (descr "Capacitor SMD 0603 (1608 Metric), square (rectangular) end terminal, IPC_7351 nominal with elongated pad for handsoldering. (Body size source: http://www.tortai-tech.com/upload/download/2011102023233369053.pdf), generated with kicad-footprint-generator")
    (tags "capacitor handsolder")
    (path /60D8F2E2/5F88E550)
    (attr smd)
    (fp_text reference C7 (at 0 0.05) (layer F.Fab) hide
      (effects (font (size 1 1) (thickness 0.15)))
    )
    (fp_text value 0.1uF (at 0 1.43) (layer F.Fab) hide
      (effects (font (size 1 1) (thickness 0.15)))
    )
    (fp_text user %R (at 0 0) (layer F.Fab) hide
      (effects (font (size 0.4 0.4) (thickness 0.06)))
    )
    (fp_line (start 1.65 0.73) (end -1.65 0.73) (layer F.CrtYd) (width 0.05))
    (fp_line (start 1.65 -0.73) (end 1.65 0.73) (layer F.CrtYd) (width 0.05))
    (fp_line (start -1.65 -0.73) (end 1.65 -0.73) (layer F.CrtYd) (width 0.05))
    (fp_line (start -1.65 0.73) (end -1.65 -0.73) (layer F.CrtYd) (width 0.05))
    (fp_line (start -0.171267 0.51) (end 0.171267 0.51) (layer F.SilkS) (width 0.12))
    (fp_line (start -0.171267 -0.51) (end 0.171267 -0.51) (layer F.SilkS) (width 0.12))
    (fp_line (start 0.8 0.4) (end -0.8 0.4) (layer F.Fab) (width 0.1))
    (fp_line (start 0.8 -0.4) (end 0.8 0.4) (layer F.Fab) (width 0.1))
    (fp_line (start -0.8 -0.4) (end 0.8 -0.4) (layer F.Fab) (width 0.1))
    (fp_line (start -0.8 0.4) (end -0.8 -0.4) (layer F.Fab) (width 0.1))
    (pad 2 smd roundrect (at 0.875 0) (size 1.05 0.95) (layers F.Cu F.Paste F.Mask) (roundrect_rratio 0.25)
      (net 2 GND))
    (pad 1 smd roundrect (at -0.875 0) (size 1.05 0.95) (layers F.Cu F.Paste F.Mask) (roundrect_rratio 0.25)
      (net 30 VBAT))
    (model ${KISYS3DMOD}/Capacitor_SMD.3dshapes/C_0603_1608Metric.wrl
      (at (xyz 0 0 0))
      (scale (xyz 1 1 1))
      (rotate (xyz 0 0 0))
    )
  )

  (module Capacitor_SMD:C_0603_1608Metric_Pad1.05x0.95mm_HandSolder (layer F.Cu) (tedit 5B301BBE) (tstamp 60D9087F)
    (at 164.5 76 180)
    (descr "Capacitor SMD 0603 (1608 Metric), square (rectangular) end terminal, IPC_7351 nominal with elongated pad for handsoldering. (Body size source: http://www.tortai-tech.com/upload/download/2011102023233369053.pdf), generated with kicad-footprint-generator")
    (tags "capacitor handsolder")
    (path /60D8F2E2/5FD28DC7)
    (attr smd)
    (fp_text reference C8 (at 0 -1.43) (layer F.Fab) hide
      (effects (font (size 1 1) (thickness 0.15)))
    )
    (fp_text value 0.1uF (at 0 1.43) (layer F.Fab) hide
      (effects (font (size 1 1) (thickness 0.15)))
    )
    (fp_line (start -0.8 0.4) (end -0.8 -0.4) (layer F.Fab) (width 0.1))
    (fp_line (start -0.8 -0.4) (end 0.8 -0.4) (layer F.Fab) (width 0.1))
    (fp_line (start 0.8 -0.4) (end 0.8 0.4) (layer F.Fab) (width 0.1))
    (fp_line (start 0.8 0.4) (end -0.8 0.4) (layer F.Fab) (width 0.1))
    (fp_line (start -0.171267 -0.51) (end 0.171267 -0.51) (layer F.SilkS) (width 0.12))
    (fp_line (start -0.171267 0.51) (end 0.171267 0.51) (layer F.SilkS) (width 0.12))
    (fp_line (start -1.65 0.73) (end -1.65 -0.73) (layer F.CrtYd) (width 0.05))
    (fp_line (start -1.65 -0.73) (end 1.65 -0.73) (layer F.CrtYd) (width 0.05))
    (fp_line (start 1.65 -0.73) (end 1.65 0.73) (layer F.CrtYd) (width 0.05))
    (fp_line (start 1.65 0.73) (end -1.65 0.73) (layer F.CrtYd) (width 0.05))
    (fp_text user %R (at 0 0) (layer F.Fab) hide
      (effects (font (size 0.4 0.4) (thickness 0.06)))
    )
    (pad 1 smd roundrect (at -0.875 0 180) (size 1.05 0.95) (layers F.Cu F.Paste F.Mask) (roundrect_rratio 0.25)
      (net 5 VBUS))
    (pad 2 smd roundrect (at 0.875 0 180) (size 1.05 0.95) (layers F.Cu F.Paste F.Mask) (roundrect_rratio 0.25)
      (net 2 GND))
    (model ${KISYS3DMOD}/Capacitor_SMD.3dshapes/C_0603_1608Metric.wrl
      (at (xyz 0 0 0))
      (scale (xyz 1 1 1))
      (rotate (xyz 0 0 0))
    )
  )

  (module Capacitor_SMD:C_0603_1608Metric_Pad1.05x0.95mm_HandSolder (layer F.Cu) (tedit 5B301BBE) (tstamp 60D90890)
    (at 142.5 108.8)
    (descr "Capacitor SMD 0603 (1608 Metric), square (rectangular) end terminal, IPC_7351 nominal with elongated pad for handsoldering. (Body size source: http://www.tortai-tech.com/upload/download/2011102023233369053.pdf), generated with kicad-footprint-generator")
    (tags "capacitor handsolder")
    (path /60D8F2E2/5F8C24A9)
    (attr smd)
    (fp_text reference C9 (at 0 -1.43) (layer F.Fab) hide
      (effects (font (size 1 1) (thickness 0.15)))
    )
    (fp_text value 0.1uF (at 0 1.43) (layer F.Fab) hide
      (effects (font (size 1 1) (thickness 0.15)))
    )
    (fp_line (start -0.8 0.4) (end -0.8 -0.4) (layer F.Fab) (width 0.1))
    (fp_line (start -0.8 -0.4) (end 0.8 -0.4) (layer F.Fab) (width 0.1))
    (fp_line (start 0.8 -0.4) (end 0.8 0.4) (layer F.Fab) (width 0.1))
    (fp_line (start 0.8 0.4) (end -0.8 0.4) (layer F.Fab) (width 0.1))
    (fp_line (start -0.171267 -0.51) (end 0.171267 -0.51) (layer F.SilkS) (width 0.12))
    (fp_line (start -0.171267 0.51) (end 0.171267 0.51) (layer F.SilkS) (width 0.12))
    (fp_line (start -1.65 0.73) (end -1.65 -0.73) (layer F.CrtYd) (width 0.05))
    (fp_line (start -1.65 -0.73) (end 1.65 -0.73) (layer F.CrtYd) (width 0.05))
    (fp_line (start 1.65 -0.73) (end 1.65 0.73) (layer F.CrtYd) (width 0.05))
    (fp_line (start 1.65 0.73) (end -1.65 0.73) (layer F.CrtYd) (width 0.05))
    (fp_text user %R (at 0 0) (layer F.Fab) hide
      (effects (font (size 0.4 0.4) (thickness 0.06)))
    )
    (pad 1 smd roundrect (at -0.875 0) (size 1.05 0.95) (layers F.Cu F.Paste F.Mask) (roundrect_rratio 0.25)
      (net 31 "Net-(C9-Pad1)"))
    (pad 2 smd roundrect (at 0.875 0) (size 1.05 0.95) (layers F.Cu F.Paste F.Mask) (roundrect_rratio 0.25)
      (net 2 GND))
    (model ${KISYS3DMOD}/Capacitor_SMD.3dshapes/C_0603_1608Metric.wrl
      (at (xyz 0 0 0))
      (scale (xyz 1 1 1))
      (rotate (xyz 0 0 0))
    )
  )

  (module Capacitor_SMD:C_0603_1608Metric_Pad1.05x0.95mm_HandSolder (layer F.Cu) (tedit 5B301BBE) (tstamp 60D908A1)
    (at 158.5 103.6)
    (descr "Capacitor SMD 0603 (1608 Metric), square (rectangular) end terminal, IPC_7351 nominal with elongated pad for handsoldering. (Body size source: http://www.tortai-tech.com/upload/download/2011102023233369053.pdf), generated with kicad-footprint-generator")
    (tags "capacitor handsolder")
    (path /60DCDEB3/5FBFBDE1)
    (attr smd)
    (fp_text reference C10 (at 0 0.1) (layer F.Fab) hide
      (effects (font (size 1 1) (thickness 0.15)))
    )
    (fp_text value 0.1uF (at 0 1.43) (layer F.Fab) hide
      (effects (font (size 1 1) (thickness 0.15)))
    )
    (fp_line (start -0.8 0.4) (end -0.8 -0.4) (layer F.Fab) (width 0.1))
    (fp_line (start -0.8 -0.4) (end 0.8 -0.4) (layer F.Fab) (width 0.1))
    (fp_line (start 0.8 -0.4) (end 0.8 0.4) (layer F.Fab) (width 0.1))
    (fp_line (start 0.8 0.4) (end -0.8 0.4) (layer F.Fab) (width 0.1))
    (fp_line (start -0.171267 -0.51) (end 0.171267 -0.51) (layer F.SilkS) (width 0.12))
    (fp_line (start -0.171267 0.51) (end 0.171267 0.51) (layer F.SilkS) (width 0.12))
    (fp_line (start -1.65 0.73) (end -1.65 -0.73) (layer F.CrtYd) (width 0.05))
    (fp_line (start -1.65 -0.73) (end 1.65 -0.73) (layer F.CrtYd) (width 0.05))
    (fp_line (start 1.65 -0.73) (end 1.65 0.73) (layer F.CrtYd) (width 0.05))
    (fp_line (start 1.65 0.73) (end -1.65 0.73) (layer F.CrtYd) (width 0.05))
    (fp_text user %R (at 0 0) (layer F.Fab) hide
      (effects (font (size 0.4 0.4) (thickness 0.06)))
    )
    (pad 1 smd roundrect (at -0.875 0) (size 1.05 0.95) (layers F.Cu F.Paste F.Mask) (roundrect_rratio 0.25)
      (net 1 VIO))
    (pad 2 smd roundrect (at 0.875 0) (size 1.05 0.95) (layers F.Cu F.Paste F.Mask) (roundrect_rratio 0.25)
      (net 2 GND))
    (model ${KISYS3DMOD}/Capacitor_SMD.3dshapes/C_0603_1608Metric.wrl
      (at (xyz 0 0 0))
      (scale (xyz 1 1 1))
      (rotate (xyz 0 0 0))
    )
  )

  (module Capacitor_SMD:C_0603_1608Metric_Pad1.05x0.95mm_HandSolder (layer F.Cu) (tedit 5B301BBE) (tstamp 60D908B2)
    (at 158.5 102 180)
    (descr "Capacitor SMD 0603 (1608 Metric), square (rectangular) end terminal, IPC_7351 nominal with elongated pad for handsoldering. (Body size source: http://www.tortai-tech.com/upload/download/2011102023233369053.pdf), generated with kicad-footprint-generator")
    (tags "capacitor handsolder")
    (path /60DCDEB3/5FBFBDE9)
    (attr smd)
    (fp_text reference C11 (at 0.1 1.4) (layer F.Fab) hide
      (effects (font (size 1 1) (thickness 0.15)))
    )
    (fp_text value 0.1uF (at 0 1.43) (layer F.Fab) hide
      (effects (font (size 1 1) (thickness 0.15)))
    )
    (fp_text user %R (at 0 0) (layer F.Fab) hide
      (effects (font (size 0.4 0.4) (thickness 0.06)))
    )
    (fp_line (start 1.65 0.73) (end -1.65 0.73) (layer F.CrtYd) (width 0.05))
    (fp_line (start 1.65 -0.73) (end 1.65 0.73) (layer F.CrtYd) (width 0.05))
    (fp_line (start -1.65 -0.73) (end 1.65 -0.73) (layer F.CrtYd) (width 0.05))
    (fp_line (start -1.65 0.73) (end -1.65 -0.73) (layer F.CrtYd) (width 0.05))
    (fp_line (start -0.171267 0.51) (end 0.171267 0.51) (layer F.SilkS) (width 0.12))
    (fp_line (start -0.171267 -0.51) (end 0.171267 -0.51) (layer F.SilkS) (width 0.12))
    (fp_line (start 0.8 0.4) (end -0.8 0.4) (layer F.Fab) (width 0.1))
    (fp_line (start 0.8 -0.4) (end 0.8 0.4) (layer F.Fab) (width 0.1))
    (fp_line (start -0.8 -0.4) (end 0.8 -0.4) (layer F.Fab) (width 0.1))
    (fp_line (start -0.8 0.4) (end -0.8 -0.4) (layer F.Fab) (width 0.1))
    (pad 2 smd roundrect (at 0.875 0 180) (size 1.05 0.95) (layers F.Cu F.Paste F.Mask) (roundrect_rratio 0.25)
      (net 3 1.8V))
    (pad 1 smd roundrect (at -0.875 0 180) (size 1.05 0.95) (layers F.Cu F.Paste F.Mask) (roundrect_rratio 0.25)
      (net 2 GND))
    (model ${KISYS3DMOD}/Capacitor_SMD.3dshapes/C_0603_1608Metric.wrl
      (at (xyz 0 0 0))
      (scale (xyz 1 1 1))
      (rotate (xyz 0 0 0))
    )
  )

  (module Capacitor_Tantalum_SMD:CP_EIA-3528-12_Kemet-T_Pad1.50x2.35mm_HandSolder (layer F.Cu) (tedit 5B342532) (tstamp 60D908C5)
    (at 163.7 102 270)
    (descr "Tantalum Capacitor SMD Kemet-T (3528-12 Metric), IPC_7351 nominal, (Body size from: http://www.kemet.com/Lists/ProductCatalog/Attachments/253/KEM_TC101_STD.pdf), generated with kicad-footprint-generator")
    (tags "capacitor tantalum")
    (path /60DCDEB3/60D931DD)
    (attr smd)
    (fp_text reference C12 (at 0 -2.35 90) (layer F.Fab) hide
      (effects (font (size 1 1) (thickness 0.15)))
    )
    (fp_text value 100uF (at 0 2.35 90) (layer F.Fab) hide
      (effects (font (size 1 1) (thickness 0.15)))
    )
    (fp_text user %R (at 0 0 90) (layer F.Fab) hide
      (effects (font (size 0.88 0.88) (thickness 0.13)))
    )
    (fp_line (start 2.62 1.65) (end -2.62 1.65) (layer F.CrtYd) (width 0.05))
    (fp_line (start 2.62 -1.65) (end 2.62 1.65) (layer F.CrtYd) (width 0.05))
    (fp_line (start -2.62 -1.65) (end 2.62 -1.65) (layer F.CrtYd) (width 0.05))
    (fp_line (start -2.62 1.65) (end -2.62 -1.65) (layer F.CrtYd) (width 0.05))
    (fp_line (start -2.635 1.51) (end 1.75 1.51) (layer F.SilkS) (width 0.12))
    (fp_line (start -2.635 -1.51) (end -2.635 1.51) (layer F.SilkS) (width 0.12))
    (fp_line (start 1.75 -1.51) (end -2.635 -1.51) (layer F.SilkS) (width 0.12))
    (fp_line (start 1.75 1.4) (end 1.75 -1.4) (layer F.Fab) (width 0.1))
    (fp_line (start -1.75 1.4) (end 1.75 1.4) (layer F.Fab) (width 0.1))
    (fp_line (start -1.75 -0.7) (end -1.75 1.4) (layer F.Fab) (width 0.1))
    (fp_line (start -1.05 -1.4) (end -1.75 -0.7) (layer F.Fab) (width 0.1))
    (fp_line (start 1.75 -1.4) (end -1.05 -1.4) (layer F.Fab) (width 0.1))
    (pad 2 smd roundrect (at 1.625 0 270) (size 1.5 2.35) (layers F.Cu F.Paste F.Mask) (roundrect_rratio 0.166667)
      (net 2 GND))
    (pad 1 smd roundrect (at -1.625 0 270) (size 1.5 2.35) (layers F.Cu F.Paste F.Mask) (roundrect_rratio 0.166667)
